10 30 70
1 0 4
2 5 9
3 7 6
4 6 3
5 4 6
6 8 9
7 10 5
8 18 6
9 27 8
10 14 5
11 14 15
12 26 25
13 20 21
14 8 12
15 8 16
16 24 29
17 7 15
18 9 12
19 28 29
20 17 28
21 11 20
22 2 3
23 2 4
24 1 2
25 1 26
26 3 14
27 5 17
28 4 28
29 9 19
30 1 11
31 2 22
32 3 23
33 5 25
34 15 25
35 29 0
36 25 27
37 11 16
38 13 16
39 20 22
40 5 20
41 5 10
42 6 10
43 3 10
44 7 27
45 26 23
46 18 16
47 23 24
48 14 16
49 5 8
50 4 19
51 2 13
52 3 24
53 5 29
54 15 26
55 29 1
56 25 23
57 11 6
58 13 21
59 2 23
60 5 0
61 5 12
62 6 17
63 3 19
64 7 2
65 26 3
66 8 2
67 23 28
68 4 16
69 5 18
70 4 29